100
355 11
413 35
95 37
2 3
728 33
285 29
2 50
712 1
772 5
2 97
959 86
592 91
13 37
239 20
958 86
30 46
2 95
2 1
924 39
875 93
616 91
835 62
656 95
758 96
169 3
659 89
40 62
808 71
383 4
109 76
716 10
580 93
906 56
555 27
1000 96
1000 2
2 96
509 10
635 54
582 60
1000 98
440 28
79 65
508 54
245 99
451 5
748 77
892 10
2 4
970 99
500 44
289 65
312 23
755 11
1000 5
865 23
289 48
793 69
270 26
915 30
871 75
2 98
452 71
950 95
2 2
2 99
120 75
81 39
642 34
320 75
2 5
1000 4
758 85
583 72
443 91
424 35
398 61
494 92
838 46
551 71
115 64
865 5
918 38
786 52
1000 1
61 39
1000 95
779 34
1000 97
912 68
824 54
226 22
537 11
387 98
1000 3
807 16
3 10
204 41
397 40
1000 99